-0.2865534866191161
0.9074032117625763
0.05804619403672128
-0.7333583568613768
-0.01727545024935589
-0.01814820588409004
-0.06474728007006642
0.02422199803533362
0.03517646078132586
-2.463248129151195
-0.03880566204314218
0.02817742632999112
-0.129934633811311
0.01741476481927747
-0.04399526609515737
0.04910260508094733
-0.02495098796629692
0.09376997767319831
0.09776129859463585
-0.0868397534407279
0.03675015330961627
-0.05904830854893225
-0.05038529264849143
0.6475538617707379
0.03168880653018086
-0.02878247734834155
-0.04553085707689263
0.02815009582255299
0.03947284159855791
0.05457291967582965
0.01962760506143023
0.008907577191907315
-0.04348468926310217
0.05076576398868679
-0.05224543186858169
0.00843651612496126
0.06032171959193369
-0.04839181803484733
0.02474601487611737
-0.001893162178706557
0.04316032932647569
-0.04196303850955379
0.00669892162186296
0.002630566621736882
0.04585967107608611
-0.008974894860505692
-0.08903454110892038
-0.002571783709767362
-0.01418929511597556
-0.0346754964068373
-0.03549660172316075
0.006177707140676055
-0.03493325591886782
-0.04776010866979662
-0.06016169292485855
-0.02350200848910121
-0.005126234548741458
0.04973652657437975
0.01475376409430056
0.01872158904698158
0.01478600525602632
0.1091163366029717
-0.06355562413428856
0.02158411270607251
0.02688169268237162
-0.01602875432251619
0.02891297248188747
0.06001496747206193
-0.029296853932825
0.04430434710809312
-0.0608879942133882
-0.0412053417601988
0.02194534200243242
-0.04174487320176903
0.03747248679956899
-0.03726722668527906
0.009855087300869413
-0.01383076878721257
0.02947455345696874
-0.1038193839103187
-0.03211566809867344
0.07865733153885751
-0.0357572887569331
-0.01371882691423116
-0.02096925614536926
-0.009465853658353916
0.07055501900478679
-0.03033279877493981
0.02174570854291993
0.03900160862962437
-0.04616657948719628
-0.001206431481947298
-0.007899965318721856
0.01380824189796758
-0.02164921412486494
-0.01420060799519096
0.008634319607099934
0.08067650732307965
-0.08464182225596792
0.02173199262014802
0.0529230238475109
-0.03086874835014265
0.05409043482113546
-0.003345071556762031
-0.008833642219641785
0.004419199516082132
-0.0315377178763595
0.01917666489611506
-0.003283982027900264
0.06095329087811099
0.1605071780254068
-0.01606510506195669
-0.0461130770904182
-0.08007106707616192
-0.0008189509073808581
-0.05808564946088127
-0.08457744272220691
0.02185786933423727
-0.0003959084433446999
-0.03496280892684672
-0.02071243210875389
-0.05692157935234089
0.01690406259901708
0.03915054782105743
-0.02592108336093725
0.005519101979808044
0.001634002146892774
0.07378743714558687
-0.05448501146907872
-0.07091211358657341
-1.313171019917293
-0.04311804745242516
0.01381160306619237
-0.001550884526646233
0.01891333220381136
-0.031119341206342
-0.06911639120972225
-0.02204098145260066
-0.02062239933549834
0.0206597448587904
0.02011955005800112
0.009771044796416764
-0.008749927960190172
0.008625807630786252
-0.0626484810183332
0.005616459208013691
-0.8168754458578374
0.01811899186816075
-0.02446929596839386
-0.01047213981025153
-0.01567421655934659
0.09361630896927041
-0.03450520781813248
-0.01138921393666497
-0.0393164361078666
1.865993332849603
-0.008707811776103452
0.01035882701634259
0.1327558553822298
-0.006040099084807462
-0.06033793316709015
0.03993263955733299
0.01109333559400446
-0.03837874401755788
-0.03075755089124805
0.03647182218277244
-0.8709011936960166
-0.01037828510199237
-0.07018300999657698
-0.008084018130565303
-0.01259884442500364
1.958085752212338
-0.02649056237221019
0.01196472826026107
0.01641652087566516
0.01267550055778252
0.06323776803014822
-0.0465288707376677
-0.02548503796338833
-0.02638448651042786
-0.01619634525361608
0.08528161079283109
-0.06573631319745159
-0.0008753776166757851
-0.03052343119096723
0.02613891612913102
-0.008203780443596369
0.02269883884422951
0.1035738807760922
0.03518956191672604
-0.04638434037478261
0.06050063566894133
-0.02596931855299622
0.08111448765120978
-0.01493308354537054
-0.0469041234176199
-0.004049598405541173
0.01431583560777316
0.03573812725429887
0.02319463222718945
0.04095957262653399
-0.005408214698063611
0.03114354445349908
0.06473216570756476
0.03412126146232149
0.07067264297349334
0.007743332163989709
-0.05923589398471717
0.0143327001663842
-1.920705347838589
0.08717641951493049
-0.0550590036322686
-0.07643588700945204
-0.03429697281060957
0.07621551770919191
0.000208358015037618
-0.01921209736859777
-0.004635080849480712
-0.006411057869648202
0.006394136767543013
-0.07067803736721495
-0.04635432542978305
0.0292869701555471
0.03079407396136772
-0.004680568260048514
0.02520737626362183
-0.001488240009034974
-0.06252257011154745
0.04603798876663026
0.02622447447795609
-0.09022177351081268
0.01493727928086647
-0.04014414946916153
-0.1160721308720299
0.01282471725078676
-0.01645101951999816
-0.06220580037291053
0.03047395221633083
-0.9765464860347721
-0.01223199676005412
0.07927476458386147
0.1521300240198731
-0.02628693840530196
0.04190824987101752
-0.03683764802727275
-0.01982219087421816
-0.01255979229544559
-0.03134755951556521
0.02536519607444756
0.05610973228041422
-0.02766222331923366
-0.03927236730902531
0.03083727564013665
0.03052711214898173
0.0009733640532592812
-0.003701057691573718
0.02252511920452967
-0.06716140034112607
0.02571057077221793
-0.002133425470818618
-0.07120751747670526
-0.006401197194094006
-0.05019634209208278
0.0121595758512533
-0.03955854934431256
0.01609851691351381
1.31043182903927
0.07424798224435564
0.02685602545595992
-0.07256239741441434
-2.165986359147389
-0.03483567252256566
-0.02804343396875956
-0.05985674310556689
0.006522757293185298
0.02625399695993565
0.01267554827080648
0.02309956754579614
0.04068647358547878
0.02599449431536167
-0.08597077478280896
-0.06592633504648146
-0.007245804493141356
-0.02575302121174415
0.005838251107283235
-0.01702683806487524
-0.006875728860756969
-0.03039727629104937
0.02812321971707204
0.05700384183285928
-0.05619967855027108
-0.002381913373196608
-0.05283828006823476
-0.1039896976354286
-0.04264210927600384
0.02134213845680148
0.01026061884769687
-0.07118044647694409
-0.04386392806111254
-0.02297641267068771
-0.0003985218551291446
0.05319513195275927
-0.05873513867018323
0.02682617374169797
0.00718776185510614
-0.05114658337097614
-0.03504858186013588
0.01267715304414247
0.04483867337330052
-0.0008754275157601995
0.01607653240320518
0.06923923150691134
-0.02593110163538197
0.04239291751773316
0.02983263391503638
0.04039264476301907
-0.03820742380300231
0.04277767206998553
0.01065415551162135
0.002269316924384647
-0.06265944564670417
1.150683222788338
-0.08388883577798005
0.05276090060725933
-0.04241676292923231
-0.02603991909706527
0.00810561943720637
-0.03865506054314646
-0.01919496821903051
0.07321540019836849
0.03212329450450526
-0.03686703882710419
-0.01561301241566609
0.05515006437301185
0.01121491945972571
0.03918508777006703
0.0532014574094366
0.05187394829929162
-0.04046836431594765
-0.03397335161072602
0.08848507529359143
-0.0565716956965085
0.004019302952068518
0.0658363670596583
0.05432821067402975
0.1236341755723627
-0.01958501378853477
-0.004508353030813803
0.008050193865948711
-0.002385391168226842
0.04827292398372329
-0.0112346250991574
-0.1607813548747877
-0.0206230125417027
-0.1125786302046569
-0.0313712834150464
0.04856389737745043
0.02802598356644773
0.01230196947345907
0.8257585011382429
0.01285397660495876
-1.346958216759532
-0.689612318460697
0.04850931506903395
0.06049680853744707
0.0895866220401518
-0.01582791198109065
0.01031696398284272
0.0321151525535523
0.03371433624831406
2.612695558896376
-0.06144463414282093
-0.03250262255498178
-0.03444088560295919
-0.05166187765669045
-0.0515375411450488
-0.02616849151620912
0.002060734763951611
-0.01418601012348523
-0.01651118834205404
-0.03600335898806299
-0.01110268218707228
-0.08665094111239499
-0.05099001669077804
-0.01515897885115892
0.02386270415697572
0.07297677901646475
0.04740564704713172
0.01791137021353792
0.02803983873977082
0.008938559554518742
-0.004894946171987006
0.04760152542697178
0.05343628253001403
-0.06201965974904659
-0.0008972350506930549
0.03908329652328323
0.08269004355607418
-0.02313368411075637
0.01710780808470022
0.01342892681913023
5.714041302282223e-006
-0.0006069281481622885
-0.02154805399874844
0.02667057331672298
-0.01249104431092152
0.01858347313433223
-0.08566493889904875
-0.02369236381283044
-0.02416359564485836
-0.03806417797196143
-0.03147544321476389
0.05788989559245291
0.08962607835988877
0.02463757807602999
-0.0978720272667799
0.06873050608155361
2.073064091450183
-0.009637276628976999
0.009151394060716876
0.04227318314667482
0.05984243370428103
0.06459426932493915
0.1189178990823658
0.05201916089228741
-0.04879344133373346
-0.005695660775501911
-0.08207056066546467
-0.1099904280733876
0.01201252484920844
0.02366125708426038
0.07277245576793932
0.05829423069194228
-0.02468676714111288
0.007250066244636664
-0.004499366619466787
0.009164842134246355
0.006552743660822308
-0.02315416892015072
-0.05652967893565674
-0.08006109198791392
0.04050488973149011
-0.09729139804837579
-0.0113879844624011
-0.03319224079523771
-0.03179160027624939
-2.737867064552225e-005
0.03702506809764686
-0.05316443223770504
-0.04248835847587134
-0.0282571365348744
0.01330663835912607
-0.0140424242351719
0.06524018028528332
0.004430695166471966
-0.03242451884758545
0.03868985137069024
0.03972014306459304
0.03385643421135159
0.04677733245021345
0.04403522256608195
-0.03626926406368423
-0.005875065035510537
0.07434020050219893
0.01046477645495728
0.09510903195217628
-0.04199533453341736
-0.01081949802415029
0.08056907285928779
-0.01937640266735738
0.02601723033506376
-0.06445806785805162
0.4203995052777296
-0.009600551035956776
0.03518103755517434
-0.07447327895586792
0.04850813429508995
0.04060039974603168
-0.01768309670946797
-0.01830929885439844
-0.01187795545061571
0.002146504367233343
0.005397814942591231
0.03724874470084252
-0.03415720153056089
-0.001643688852680644
-0.01084682348466275
0.04022236761613729
0.1176148270974745
-0.003775360237798844
0.02198180511136486
0.0005252298573573253
0.01997665578014319
0.06769748214917283
0.03213569604944717
-0.01953919324795018
0.02515101584949235
-0.04703350934048736
-0.04397141079396451
0.01612623137927696
0.02626525588829852
0.05458214890231668
0.01544711032656206
-0.04016447703303345
-0.03576992840248594
0.04937946317206145
-0.01666863649267444
0.02165964033130449
-0.002252358515241451
-0.01531623520642252
0.005674485960004405
-0.0231922905017218
0.07671021038606604
0.02678439244236236
-0.05077290215777479
0.09604471231517676
-0.06584402420243617
-0.02625213400907237
0.02224889314306972
-0.07330704488706456
-0.3903557238499153
0.08883897292241102
-0.02751811581025334
0.05838318735631368
0.07035978367806378
0.07633129666099397
-0.02036836417177524
-0.09948857526478883
-0.005297815134238769
0.00644829618804484
0.1144140986792029
0.07878934214936005
-0.03483417731329929
-0.04203172411421942
-0.009836921336448066
-0.006175819930234268
-0.03882563002107822
-0.1221480844350322
0.02594735515002838
0.02864072522476842
-0.06919891305992346
-0.04015822239553179
-0.02676708654921326
-0.03100979764746543
-0.09972506245535168
-0.03607609625273495
-0.009601917909819381
0.06545354959643626
-0.00756021917440632
-0.00464103676031456
0.04719731765316471
-0.01982719675495935
0.01436172089924405
-0.3560662103661913
0.01197662399266139
0.03010567377164904
-0.04759062227398179
0.07349131480972423
-0.1001121519238346
-0.009525410638556303
0.02295914746194748
-0.09260578993379853
-0.01297720717198961
-0.0009761141984609741
-0.03467589870958962
0.02219212851381231
-0.02068802537022182
0.00693330540809992
0.08022749817105909
-0.08713672864988475
-0.02089859882257202
-0.05492076238696299
0.001268857877414541
0.05019993574580006
0.1139736027493831
-0.050228736759443
-0.02539289723595633
0.01282790116510458
-0.006010640067231898
-0.0929481113845228
0.1000270949362871
0.02919046780505139
0.02035148749695463
2.261035782652862
0.04435110306975925
-0.01728426007742952
0.1143358933993473
0.08675924389130812
0.004399529804383256
0.005294155382621121
0.09311805946560771
-0.02221222908315259
0.01439712262933095
-0.02731554514127155
0.02159343691364884
-0.01667205949013303
-0.045660395958418
-0.04408822453052529
-0.06491279769802792
-0.03107493147209418
0.02095252493043719
-0.07385915990717544
0.02558252028090515
0.002064987692439872
-0.01121656222554649
-0.01313143233600969
-0.01570540992286592
0.02614064916273263
-0.05844659232606584
0.03681035380701771
-0.05280351832107454
-0.02855437313307453
0.02443196707825569
0.06156373634302715
0.05710884062335775
0.4098722083942206
-0.07784725674409325
-0.0802135168718031
-0.8679054294697125
-0.02315703527174999
-1.631957340124502
-0.04900687826717059
-0.04548265281885147
-0.05209872075701497
-0.03537753401481394
-0.0299985771037691
0.006323445853426137
0.01868453818118936
0.04591789498261237
0.06766268347593443
-0.02743334840113888
-0.002090109581387357
-0.07010876713214562
0.02659747841569181
0.009785776870644816
0.03238044972793946
-0.007638793020160073
-0.005202187852030437
-0.03078085507063308
0.04221915331144364
-0.07260946542621299
0.03394976230883259
-0.08607429757740385
0.006271456624504054
0.006336452736220341
-0.001217318331386139
0.03244227891055743
0.04588934135855019
-0.03180586767897954
0.01217001692659509
-0.02998911719988794
0.0852260504710885
0.04233395851659506
-0.02046707767530548
0.07241142510937058
0.0375523616588998
-0.06918170743066533
0.003392500762318831
-0.02952977794834238
-0.07284634210968353
-0.03667955136017485
-0.03409085566774915
0.01175002531427335
-0.02812816151636099
-0.01335082590022314
0.0118800304916496
0.03372398136240383
-0.04044002494826002
0.02104722920037922
-0.02233274527864142
0.06325588506689821
0.01847733130824209
0.02266897621358008
0.006795457320334379
-0.01813403432726831
-0.04315197127694285
0.05175007832368696
-0.03207764801563247
-0.06108190892973386
-0.04324147128049142
-0.03504123461146696
-0.03921740152034048
0.03334977107274332
-0.02306949740423372
-0.01356719738801653
-0.008787411174011339
-0.006699330517558015
-0.02522720687699278
0.8590049390581234
0.06580778824987671
0.04644548025981737
0.003147490442029307
0.08835748765725318
0.01738943281481106
-0.04630570946181644
0.03859154096231743
-0.04120123895291639
-0.06084370161681025
0.05365508375455366
0.02969535481723906
-0.04211815778077758
0.1378344076984255
-0.0519428248240636
-0.08162807165642869
-0.02397115018359322
-0.04209140977876644
-0.03460315602317195
-0.01625615167802442
-0.05890596828316246
-0.0228704965805093
0.05431277934408092
0.01485101891016931
0.02134280326543852
-1.682341238461057
0.03580773820038428
0.009842765715974507
-0.06029899447849392
0.005105652150611125
0.06631917234429759
-0.06128608992603834
0.003112144767350838
-0.002792440225383257
-0.474321496289107
0.06892793845164266
-0.03016396878886737
-0.06946798680152051
-0.003204487360079136
-0.02743508634509718
0.0507155440222922
-0.0002068966967282546
0.07189418149523158
-0.02365794705872704
0.04227268165510344
-0.02907640624777688
-0.01177880496656536
-0.05302529182503374
0.04248505647047623
0.08587605722007065
-0.04560390901949204
0.01496619360321436
-0.001287363374003292
0.03229061239456717
0.0623110245613244
0.03635564215006089
-0.06657808265615127
0.0138787657611315
0.005748203198494417
-0.03129133346649047
0.009143017983967192
-0.01537205256873666
0.03167816269433486
-0.01650935544777561
0.00969421366032424
-0.06021193758599776
0.04439521905968333
0.5137170147480072
-0.08469078497165891
-0.009515734364846335
0.04742475497077939
0.02059123958772093
0.0697934279101155
-0.04669049638650759
-0.07419795377545223
-0.001196480685718667
0.06245357118984769
-0.04663165952830917
-0.1087939451403162
-0.05653582303185923
-0.05155443387753272
-0.01937013145470873
0.04220599377877367
-0.0199657863588047
0.06959370822606342
-0.01494702017291837
-0.07306552796156858
-0.05419529709547289
0.00397025654253371
-0.02591047788476058
0.0287319323005445
-0.09335450661137272
0.03535356900920744
0.009713429881876094
-0.1308226659137477
-0.0315287568122401
0.04674928307058898
-0.1065049167429361
0.03228884049684925
-0.0002333898410142139
-0.1643784231038288
-0.01771898778222272
-0.05183912929121633
0.05283368558450176
0.08983046391049315
0.04538327384913737
0.0506245525599192
-0.1008420551819516
0.02029160389764984
0.01009816526800075
0.036241063808472
-0.0471643468997085
0.1031598987230124
0.03946393459195845
0.04903680369003151
0.0147366623902002
-0.002461822288670108
0.0223922619157816
0.04941589204678488
-0.08522765233642021
-0.0837579504360926
0.0387637652197149
-0.1080489534817965
-0.01975329286993268
0.06857875357480403
0.05366550740180228
0.02133633540595534
-1.075702323141436
0.04474252976111027
0.01500198830101246
-0.04215974562506247
0.02749933648400904
-0.01246660382958704
0.02659234708647264
0.04588561358602417
-0.107955446074
-0.03848729670120599
0.06195459137739254
-0.06609013713689253
0.009425206519710761
-0.121697998794262
0.03874326668956066
-0.04303032686852971
-0.01124255156092061
-0.01165559486848579
-0.03622712467609145
-0.05621673743784423
0.06828976067540829
1.245812579456608e-005
-0.07377992008055856
0.04615765178680332
0.05561965628225359
0.04560461475267628
0.001337663505950991
2.043830580585541
-0.06568222265044443
0.009463409577716769
0.02344146354088776
-0.04152578188244033
-0.02290606108476227
0.08103534652347068
0.006925064244209594
0.05011609447821023
0.02324977944774793
-0.007446805063297671
0.02075525231815016
0.01060545533428331
0.05405359584767157
0.002649010225810359
0.03429287916908876
-0.4955769952992933
0.06404039165124487
0.02281614259914805
-0.03233215878626653
0.006694107559488112
0.05303094622157084
0.07425922080033155
-0.03654372338349554
0.007743786885471409
-0.03391629047300206
0.03096828141846822
0.004543379670173387
-0.04830009624103292
0.07702299002685076
0.05433608104116356
-0.005839908129269703
0.008372233863972163
0.09647520989005443
-0.0345983536684692
-0.03095690143703489
0.06277165822909654
-0.01970109159565989
0.006091689960002118
0.1190414624046212
0.02634695443711568
0.02445474312654367
0.02676142043589017
0.04821394923159809
-0.0001926540396273165
-0.07587707583505826
0.1332534901626181
-0.01589612556431627
-0.00137237838970639
-0.07681396149658158
0.01029175620379242
-0.05226957225247326
0.01999787395033581
0.1252705185796149
0.1181324803901868
0.1689190932650685
-0.04411595074601055
0.08062547420136595
0.001103252884916723
-0.07123258514093064
0.06720844086398385
0.008420214410217937
0.005194597950831803
0.08166044274324945
-0.08366639786072942
-0.01590083720059916
-0.09056358108047455
-0.01581700819597089
-0.03802620859298962
-0.03236269249068212
-0.01597766377891546
-0.02644208417169545
0.05782310608581866
0.02271090520004438
-0.06885033112133386
-0.02764292819953373
0.02926961159022121
-0.0382762568791469
-0.005204340986569832
0.02545321310330806
-0.01023659011105966
0.02284300948382159
0.04860034154604451
-0.007055702801985835
-0.000882348877785726
-0.04609233133401896
-0.03340403828725522
0.1199481184112602
0.02435339041580858
0.01523317375465788
-0.03519105529628235
0.09174751849887841
0.01157514383618015
-0.0332569216326845
-0.05218570318523862
-0.02761004787564442
-1.385550484228661
0.04182984830856988
-0.0002535589646215265
-0.1605196295521643
-0.09388004387986128
0.02496410974997733
-0.01034721987402001
0.02041236874201216
-0.02489381011355192
-0.0105929648230512
0.002202635049662114
-0.02561618098837902
0.06508541715868565
0.01429538842838606
0.001727606734201666
0.004398759701091044
3.376600639599979
0.0438993392257539
-0.02085666005739435
0.08377174404250073
-0.04423305830452764
0.01749647436946882
0.01281682778913451
-0.01812570168216051
0.03611496247586794
-0.05488062130122758
-0.01267300802548932
0.03090507692563531
0.04272478976938281
-0.06273357759501401
-0.005656489178680337
0.046655954843415
0.05160518360419623
0.02853608925462294
0.05138734094139827
-0.08984237174144331
-0.06566526172937875
-0.03787689215352112
0.02086611837376293
0.09116202950383259
0.006786062866665935
-0.01485936012172399
0.02852785215171812
-0.02679351110462314
-0.01051420460056363
0.008731218507870397
-1.340918653498503
0.004996243387913251
-0.103568631234051
0.04601178322411081
0.0997103230448069
-0.007963276188750167
0.07331895375227036
0.03657283674800083
-0.3930542589422005
-0.2758521355120829
0.03809312495292052
0.009879803691621926
-0.02614261066136098
-0.08354884663885692
0.0005725133988065632
0.05517055001223025
0.05618873144674669
