-0.01807598703929416
0.8516332633506691
0.06141125394327555
-0.6843312759497447
-0.01714294826738669
-0.02109948323421778
-0.05956983440308091
0.01843567281461454
0.03169594028985147
-2.307535504311501
-0.04010499706280451
0.02831124432785887
-0.1213659620742771
0.01895273783892393
-0.0475865157141158
0.0425108648894464
-0.02444007689971905
0.09034213668877747
0.08999189477151974
-0.08757107550670916
0.03511145245771551
-0.05695629968088622
-0.04654886535415834
0.6045160154968502
0.02993845409469266
-0.02792956832556144
-0.04432534990203988
0.02696518742013137
0.03650607499354681
0.05326575715447235
0.0188544957857774
0.008131585237635746
-0.04549260381775589
0.0495286153030934
-0.04590804304805707
0.006748449529587254
0.05514351927238634
-0.03738429818814754
0.01680046263853706
-0.00465438087652058
0.04068327159031372
-0.03571384968021551
0.005620906629775491
0.003438065374688571
0.041230850331973
-0.009673859042083758
-0.0885442240008977
-0.002441247305716136
-0.01924105970864673
-0.02959881049554953
-0.03407339274706938
0.003063461003201958
-0.03902358561256409
-0.04633735432186645
-0.05819528694187566
-0.01873586625832336
-0.002256979651001563
0.04649647009498445
0.01250354057690872
0.01065199555667592
0.01415508060807494
0.09903096464913438
-0.06551280893776325
0.01708290107650563
0.01850498149961889
-0.01730439283687591
0.02761739201160096
0.05697620145333223
-0.02641120139121319
0.04191840712104967
-0.05817312019676307
-0.03360789548732499
0.02086071014383195
-0.0416731764903215
0.03293609597775961
-0.03475428821168149
0.004149438859457075
-0.01483494166869626
0.02515678333184148
-0.1050858359329942
-0.03050593317146474
0.07568220305344368
-0.03421689519818606
-0.01878146090879107
-0.02565685540879137
-0.003811220492100655
0.06458919717609082
-0.03227819900692451
0.01579465895018207
0.0367027785629097
-0.04318683851365732
0.0008473922993167853
-0.006652398423963004
0.01333596274283314
-0.01429863502555032
-0.007793365472771477
0.008871229058218079
0.0721859602684187
-0.07695476708694468
0.01324930214810106
0.0516691260120467
-0.03161251641149636
0.05318376010032329
-0.004163888362292674
-0.01004398130580457
0.004414300587577634
-0.02619013586355873
0.01972760876958311
-0.001854121797588771
0.05955117414859368
0.1481188626000447
-0.01619308131261973
-0.04445936362362012
-0.07249035826847414
0.001347737492423404
-0.05113524285936406
-0.08021932732374253
0.01885008247684712
7.988560660316867e-006
-0.02885668777125191
-0.02016973577748139
-0.05681913941825761
0.01508212439236603
0.0336091798101583
-0.02782177826848951
0.001929831405998125
0.001826139369887087
0.07388163673520781
-0.04881638881341036
-0.06513899580718609
-1.22472412993891
-0.04050162790450861
0.01202034241785891
0.002536463952104528
0.01903244020005966
-0.02830257386623246
-0.06795451807560664
-0.02598970849494908
-0.02206745419783992
0.01902850359748025
0.01917728143698273
0.005693112394421843
-0.008080917349532405
0.001952252915304959
-0.05461281847506529
0.003388546541566984
-0.7651347252554698
0.01546251650405249
-0.02014877241846944
-0.01041330329715367
-0.0198138869057843
0.08751708189220181
-0.03574479535790044
-0.0158292333455282
-0.03415278327435871
1.74231857094145
-0.007706531470254104
0.006484411096632229
0.1245551068929472
-0.009647829000266584
-0.05687334526583645
0.03404349821365107
0.01475756750396781
-0.03035176710493855
-0.02819846417278597
0.03281808064004911
-0.8139376672269122
-0.01274338723409313
-0.06618086314374645
-0.007561376666075474
-0.0124309559170606
1.832207902437071
-0.02327371827477202
0.01688217380686096
0.01009272440180891
0.0174635132464272
0.05718654597214597
-0.03990476961842299
-0.02302417580704918
-0.02124638066532483
-0.01500967278341633
0.07967621262310896
-0.06224417697870949
0.001279905613514268
-0.02965828053432707
0.02269944385976082
-0.005821955801710453
0.01730083500708992
0.0951086782587606
0.03223898319354408
-0.04503568478762025
0.06128493464283236
-0.02364484295451269
0.07163836742852166
-0.01427943297968871
-0.04491266226887919
-0.001879813874792791
0.007346785359374077
0.03347931426148536
0.02006298152723496
0.03507254875029896
0.00054643080261203
0.03066161092757764
0.06207215149230952
0.03289242098990774
0.06683164260730635
0.00452631717787866
-0.05924531626242502
0.01544311384166787
-1.799832270233219
0.08260444234422733
-0.0525426946442159
-0.07271256905498202
-0.03210273404909316
0.06995960424440216
8.676799151962583e-005
-0.01494664342452134
-0.001206356785933368
-0.01155295375189912
0.006106831027677089
-0.06828379698487677
-0.041250718321153
0.02920859965130304
0.02663354335105192
-0.01312239496900013
0.02417843909958514
0.001301312720023865
-0.05716781415726113
0.04722117666985076
0.02315427390752581
-0.08442767267907635
0.01376167299348552
-0.0409325240196097
-0.1084379057461588
0.01341311710986618
-0.01237372237359397
-0.06268355767274753
0.03155331922870857
-0.912927533969609
-0.01707067431960419
0.07403515429442162
0.1416359662068657
-0.02819507583063164
0.03953583856714105
-0.03446904725365438
-0.01745469137886949
-0.0148013231225089
-0.03132796090727523
0.02081587526975958
0.0530056189161437
-0.02639298423027446
-0.03568378961892506
0.02754122662535625
0.02594476262540897
0.004402442649984521
-0.006273038377114003
0.02078076443868584
-0.0612128849308306
0.02359653008163544
0.0001855530129424755
-0.07042109622594195
-0.005518633006859427
-0.04493456363408508
0.01066735416786268
-0.03714244965961332
0.01680520524589458
1.226532117190716
0.07292457484054583
0.02801633760748812
-0.0684198163537571
-2.025906634262387
-0.029104102934758
-0.03363538286567525
-0.05460546050235192
0.004262783140127081
0.02551049389321058
0.008236502268123311
0.02006309052651391
0.03767544973131337
0.02438278755011494
-0.08101475310970783
-0.06065358311089385
-0.009299890248042529
-0.02604084293014623
0.006382027996791095
-0.0127707554210829
-0.002306325253569136
-0.02955278691408039
0.02415751240587058
0.05375177864423925
-0.05200855920476295
-0.00471825348765447
-0.04558266921147442
-0.09640479554351349
-0.04305779394478447
0.01619151411443356
0.009102837476688766
-0.06623588771654429
-0.04256222289167278
-0.01931599301338003
-0.003722437777037196
0.04627698066394896
-0.05198829161308666
0.02662155774351067
0.007059852080553415
-0.05617260848661613
-0.02848931197863555
0.01084748963959883
0.04201556142961047
-0.0006477182281323211
0.02057187693008537
0.0629872442185931
-0.02276452309907502
0.04205311232262981
0.02274481119989755
0.03381517392818442
-0.03440712375148086
0.03661631526147893
0.009700428966894138
0.003066313262281178
-0.06002830966648737
1.075845641809962
-0.08321543004565607
0.05080757036001191
-0.0366534500474396
-0.02366958786979393
0.00607982960863179
-0.04133948188193456
-0.01525051829028988
0.0710196354565942
0.02772130503883828
-0.04041214374941112
-0.0179774300874118
0.05499839572488766
0.01052155889230097
0.03583786795188986
0.04787505174804815
0.04799463496763529
-0.03731161382041272
-0.03143147804984307
0.08138072022896466
-0.0513403083094614
0.006657201427277911
0.05960065331366074
0.05190545110664557
0.1176942954817291
-0.02144189091913361
-0.0008738499220424731
0.008813341957739525
-0.002083995728943823
0.04547818152631119
-0.01029371605464002
-0.1512722667360622
-0.01768325006611305
-0.1061373694930492
-0.02984500254731764
0.04643283124056013
0.0292834409368135
0.006800257838532035
0.7772733875694871
0.01233779558355208
-1.256317986532635
-0.6442570148293195
0.03853298932279772
0.05629260917630547
0.08272411253757639
-0.01842704297349289
0.01327627222648877
0.02742272460289245
0.02684165059444058
2.438859942409487
-0.05772382924283126
-0.03396933304682302
-0.03423321483774225
-0.04636220506124192
-0.04665033083458456
-0.02833111091808024
0.003966958730908411
-0.0151812389170744
-0.01770171871594913
-0.03358264896614226
-0.008382872512447357
-0.08582551219560654
-0.0484545969139696
-0.01722887417258849
0.0273119076129221
0.06713194345565783
0.04564003541555393
0.01931387920872294
0.02285230875266446
0.009955359670502798
-0.00106625949952156
0.04031699412756153
0.0591088516117891
-0.06017084167275594
0.004227957010523501
0.03829997235027812
0.07954889819355387
-0.02303873725122612
0.01670075940490569
0.01196754329907555
0.0001845378987617027
0.002244700698604051
-0.02257578504943536
0.03004965869248796
-0.01266886733074786
0.0163261754715687
-0.08192518093225366
-0.02019137978510892
-0.01899346830966069
-0.03163791507761794
-0.03347050528687024
0.05666511650847933
0.07982665973972765
0.02292782583334482
-0.08719442607851383
0.06393326693208429
1.943330566900169
-0.008515389814788164
0.009299411422450297
0.03313091567031577
0.0583428937840158
0.05502741963407494
0.1122210792058007
0.0490466814951224
-0.04656466084018852
-0.006365721224960618
-0.07595490109141427
-0.09755742103746005
0.01424669800237222
0.0268926773393986
0.06437436322806596
0.0571864107661248
-0.02155543380977788
0.00818788731361381
-0.008308002572497902
0.01008881725370658
0.005761779552527298
-0.01474661713440631
-0.05462920954460362
-0.07697568953762443
0.03330255479324708
-0.08533302265101464
-0.0102334169819608
-0.0324518515103302
-0.03518648106892564
0.001314213656780763
0.03954534325339058
-0.04827214583240244
-0.03977371036431819
-0.02439751116107862
0.01105692628210106
-0.01345344494676828
0.0567169973609721
0.003489003099601562
-0.0337491994747452
0.03942012763384596
0.03282306635501699
0.03118063638854093
0.04304195555122636
0.03962256627704381
-0.03984803627506689
0.002091507181162116
0.07179914784838186
0.009116272810336678
0.0862723761136512
-0.04695341137920541
-0.004529625251490433
0.07417126020246677
-0.02265268157259435
0.01665967919714738
-0.06458253612475935
0.3887158295363995
-0.003378381916558336
0.02936245570832253
-0.07472339743401435
0.04996720970760306
0.02931417528698324
-0.0172557420261513
-0.01460489595519772
-0.005300726225978725
0.007213810436055039
0.005618440650478536
0.03143322599152134
-0.03604122717457297
0.002458599517288421
-0.01156096677896233
0.03534602132471755
0.1093479180823357
-0.003881373179808474
0.02145593539821835
0.0008346755949463663
0.01258742711639533
0.06238633351716573
0.03356291170999902
-0.02211767443832155
0.0271666554539049
-0.04779572433287643
-0.04481997280434721
0.01649459826359451
0.02565879319525247
0.04775740365758022
0.01557526463104296
-0.039868421361862
-0.03379085476075955
0.04223358108830273
-0.0191300638953862
0.02594164033642567
-0.004436373825510391
-0.01332310689624125
0.005735773623599704
-0.02067095735127834
0.07370099712937095
0.02758086624991363
-0.04381069273402661
0.09243645406952564
-0.06041902927027006
-0.02304799399095403
0.02250971537517104
-0.06830221775808838
-0.3643213383183661
0.08391157483597106
-0.03205389576960893
0.05402134293068137
0.0663191666039684
0.06552826413563519
-0.01636818912821648
-0.09751826949966742
-0.005839325581264048
0.005245628398821293
0.1042937849175292
0.07275064416454725
-0.0330732786736173
-0.03941690967334101
-0.01280307091046925
-0.008130955417913401
-0.03758290100166257
-0.1089101625117306
0.02319505215112489
0.0256099811371012
-0.061119683142334
-0.03609013554373801
-0.02611763566713302
-0.02740943128229719
-0.09428086173074342
-0.03172762264239481
-0.002864250049585628
0.06352790461287111
-0.0131783071754697
-0.00530426315082178
0.04371334773545212
-0.01939979400453766
0.01234725135949213
-0.3334190075241081
0.01158531448275542
0.02808877067622857
-0.04586013087868442
0.07000354880370277
-0.09206892865510173
-0.01073488541667591
0.020304899362687
-0.09061049015216453
-0.006652360194254873
0.0047552290874014
-0.03428458712400487
0.01973267572665759
-0.02042947090998419
0.008903834622746597
0.07399504534417806
-0.08311901421107108
-0.01853913027372381
-0.05173041712764628
0.0005009482583449975
0.04493103186544731
0.1041349388152029
-0.04845258274509212
-0.02303588802165261
0.01396292737507315
-0.008380591119632172
-0.09189246716649167
0.09126234781916895
0.02857688588722178
0.01328322293691512
2.117354854404093
0.04058240772794966
-0.01787293729869727
0.1081390136130988
0.08463199606960724
0.001913902837631241
0.005747549529597892
0.09191717571995196
-0.02237206458488412
0.01495780871191517
-0.02878231813844805
0.01897635824208413
-0.01425860957650152
-0.04428245404614412
-0.04685866677854545
-0.05872936184711898
-0.02620116788550931
0.01968891514833108
-0.07119250091093539
0.02322142344978632
0.0002945641500033534
-0.01429398189212623
-0.01268040209557832
-0.01961812263045971
0.02518522722418223
-0.05977783672617872
0.03391382546818578
-0.05244045815713656
-0.02081173865022202
0.02443057212268111
0.05817483696400968
0.05181523267275538
0.3795381933925268
-0.06992546173661343
-0.07483545554841278
-0.8137057500006347
-0.02253587598638889
-1.53038725537128
-0.04141337601755112
-0.03620561639762809
-0.04016374964333237
-0.0313777502983992
-0.02899960622763987
0.004386303026131861
0.02004175018595648
0.04228871778694984
0.06441582938071776
-0.02665224994632463
-0.006196264152615872
-0.06827475091403186
0.02461802513863528
0.009104985142349455
0.03622665337510716
-0.007937219578041915
2.758859591789591e-005
-0.02903131102383143
0.03892318199662761
-0.06808498122615722
0.02691296584123787
-0.08717201432217631
0.003592716751201563
0.00249379160339075
0.0001360319706183309
0.02740844083418669
0.0351684049702833
-0.02786750856773055
0.007655769294761377
-0.02993001677962265
0.07702300468403851
0.03794533399406536
-0.01901745908575973
0.06866950833228846
0.03958611905623475
-0.06013919735338596
0.003041577706250087
-0.02882211918367933
-0.06311117398188432
-0.03347840381974667
-0.02988024653035294
0.01044803738372034
-0.02840611861128743
-0.006792689049167263
0.01571275998177354
0.03389631538587886
-0.03663786682339471
0.02534504569684945
-0.02238719811326188
0.06045731694605501
0.01603190462816892
0.02092486598453139
0.006348077410623969
-0.01233299679155571
-0.03990130058695458
0.05196835461366744
-0.02916343330929015
-0.05846404539055551
-0.04382523875200068
-0.03019102489002104
-0.04293360511650014
0.02912438884602467
-0.01984136011161362
-0.01074030252501082
-0.01091219695591023
-0.0022591839080279
-0.02540189420002729
0.8018089848465022
0.05671609433446595
0.04268866014709036
0.001522112822843506
0.0831451344838782
0.01516812038084346
-0.04237254421780038
0.03773666515829111
-0.0393392748944852
-0.05560721175252974
0.04928282333065034
0.03010244811889394
-0.04299357190150754
0.1201675602603058
-0.04712559981330753
-0.08201722792461898
-0.0265246684391163
-0.04095478443729066
-0.03238319879001252
-0.01264812714474441
-0.05464225961859367
-0.02068126840454243
0.05229868415692361
0.01328216230820163
0.01857021720915102
-1.574187803057698
0.03426966330680045
0.008157019663160606
-0.05257584364283908
0.00660805251455363
0.05899590716894697
-0.05647382893044442
-0.005264787186730098
-0.00265353766222201
-0.4397538696911079
0.06602479367233005
-0.02665564351720089
-0.06096968122749949
-0.006189021160040869
-0.0237014993598683
0.04603143069490534
-0.0009844865487466717
0.06210752406827894
-0.01603022873364505
0.04026573613038162
-0.02698348499690537
-0.01527000513072975
-0.04872512259281894
0.04342940751077629
0.0778678243988609
-0.04321884362255043
0.01228299856881637
0.00343472977361068
0.03036753342602956
0.05158271947881884
0.0345990175023687
-0.05920365127713737
0.01216737125587859
0.003853504690815361
-0.03630973514784399
0.008643686319995512
-0.01522505994748724
0.02719424427962309
-0.01900143966363014
0.009417255837497161
-0.05359524615614873
0.0352578164215649
0.4805761685303839
-0.08329520268447274
-0.007631723801743836
0.0473554262532365
0.01975709496732016
0.06495785832905596
-0.04951216476806557
-0.07005309906881765
0.001954894387795954
0.05497253597630027
-0.0455350633303617
-0.1061560411623254
-0.0518942826844994
-0.04798403463534872
-0.01772536554033207
0.03123105414735704
-0.01722613362954272
0.05989199553767442
-0.01576132841778329
-0.07064086774564041
-0.05176129370297227
-0.002327935151167825
-0.02700831896734976
0.02419135332063632
-0.08880045978640318
0.03409020475607836
0.006353233962024812
-0.1235369763029418
-0.03602063685743434
0.04726994737118179
-0.09639447998468262
0.02942410993475681
-0.002676530725670403
-0.1548789269933955
-0.01343094428210324
-0.04724063491450282
0.04497097348786104
0.08607266137396492
0.04378649259407486
0.0455605956048369
-0.09815244302400553
0.01663059909303538
0.006942518177102367
0.03187672965510298
-0.04095759045261865
0.09183839885620548
0.03519894538044874
0.0466334970718009
0.004958101566200891
-0.002579828591349053
0.02608580989772359
0.04697539238438996
-0.08291764721492581
-0.07297933886646839
0.0349927120830683
-0.1043533720378484
-0.02073590594909545
0.06699513012899094
0.04820784504423353
0.01720755543195973
-1.001324595230904
0.03999434286778134
0.01999191024537712
-0.04416296934726224
0.0255859568915125
-0.01449629979566551
0.02331734364158973
0.04189352217340549
-0.09940466795020089
-0.03725458535784695
0.05546370665648322
-0.05631014472729839
0.00815399807969829
-0.1173979690563127
0.03937068495095924
-0.04155552065865897
-0.01218232981677626
-0.01286447477176278
-0.03834883932952828
-0.05170000261979767
0.06393531761403883
-0.00150220055823346
-0.07144770839646115
0.0413624459513631
0.04882249104518077
0.04894015195476459
0.0004102455389971546
1.914226202276288
-0.06545383334801229
0.00462621963432442
0.02447696061620705
-0.0347346743436014
-0.019935104923193
0.08017459206554679
0.006055874371725179
0.04718267484975099
0.02199539031698776
-0.01358554041846081
0.02174066297850267
0.009458250287174882
0.04622457285759493
0.003062845066508029
0.03100521017548203
-0.4589249071752023
0.06443045197994461
0.02043450919136224
-0.03229940198282737
0.01191213402625014
0.04924533938064632
0.06676559558752156
-0.03403129047073016
0.003198649935794953
-0.03132285314743926
0.02614930254650441
0.002739483195129765
-0.04428172806128588
0.07307103033731786
0.04785676499411046
-0.007706738182056863
0.01149149331275284
0.08824581152917968
-0.03563611700802618
-0.03393591280221511
0.06067354414676952
-0.0214474963086456
0.003651497375720235
0.1083430620592049
0.02555293060050637
0.02377916702993256
0.02902257740152507
0.04587430125294874
0.002180764397750388
-0.06624270190123988
0.1304410008846034
-0.01594347257642382
-0.002552841064812749
-0.06850773652804401
0.008436745544700383
-0.04336417852666184
0.02159453292058498
0.1175225153773205
0.1038235364351681
0.1598286587165628
-0.04626162761123226
0.07552764831709864
0.001760108716934341
-0.06340522317340366
0.05670116724728792
0.008139555890108801
0.0006366371627241926
0.06857092666253647
-0.07741808864823703
-0.01771859908060241
-0.08346954418030164
-0.01081793447635656
-0.03931349375161773
-0.03114178196478246
-0.01530832569705208
-0.02405649340271734
0.0454028523583767
0.02315433357413675
-0.06932595168127739
-0.02595349750670874
0.03160596092609776
-0.03496156620281812
-0.007585535524110665
0.0207145491129181
-0.008167799057002788
0.02083203528357611
0.04084574596992434
0.0005778727496879448
-0.008035943471017781
-0.04444906550577844
-0.03086265570679051
0.1041666346167801
0.02419779078226844
0.01095863021147622
-0.03364721614400164
0.08595978949737443
0.01359739931311297
-0.03317695825768908
-0.05338100417216896
-0.02887421663411657
-1.296356188262348
0.0334477688605936
-0.002425938269829905
-0.1497972965738847
-0.08871159020949983
0.02407314455428585
-0.01705166169536817
0.02370710586556844
-0.01933711785867021
-0.0118382406526492
8.335423776578533e-006
-0.02565923156440534
0.05968486718811236
0.01143518507145944
0.004514198166673247
0.006732361474858988
3.164553838504791
0.03865034645474776
-0.02447701937487392
0.07768686718097836
-0.04201523864020949
0.01161784003334325
0.01066412363202894
-0.009046405696159734
0.03025659914166082
-0.05084495109866734
-0.0108783373388231
0.02743273041565571
0.03602292468679623
-0.05643779412595206
-0.008331725488460983
0.04145635439160979
0.04879773706878748
0.03212279546686215
0.04964774292133918
-0.09181898793978892
-0.05910261650122269
-0.03550115436456566
0.01709279201596612
0.08805341080207803
0.002710360511849895
-0.0159901932825614
0.02193045360763897
-0.02097164708026171
-0.01062810905671195
0.006429472761621474
-1.255225612645505
0.00912614015405658
-0.1000161886485702
0.03969091949735409
0.09817667408694897
-0.008920138422900662
0.06436801889178805
0.03481299134215139
-0.364760812838105
-0.2597981700048546
0.03830149290804345
0.007879937365330249
-0.02400855724916055
-0.07651505636419477
0.003073677368947499
0.05080411777015029
0.05406864882495664
